%!PS-Adobe-2.0 EPSF-2.0
%%Creator: user
%%Title: FreeFem++
%%CreationDate: Wed Dec 17 17:12:24 2014
%%Pages: 1
%%BoundingBox:       0 0 596 421
%%EndComments
 /L {newpath moveto lineto stroke} def
 /C {setrgbcolor} def
 /rec {newpath 4 copy 8 1 roll moveto 3 -1 roll lineto 4 2 roll exch lineto lineto closepath} def
 0.059600 0.059600  scale 
 0 10000 0 7071 rec clip
 /Helvetica findfont 151 scalefont setfont
 /S {moveto show} def
 /bF  { mark} def 
 /eF {newpath moveto counttomark 2 idiv {lineto} repeat closepath fill cleartomark} def
 /P { /yy exch def /xx exch def   xx xx 1 add yy yy 1 add  rec  fill } def
 2 setlinewidth
0.000 1.000 0.750 C
bF 4527 4219 4600 4195 4569 4178 eF
bF 4693 4260 4662 4219 4652 4274 eF
bF 4600 4243 4600 4195 4527 4219 eF
0.000 1.000 1.000 C
bF 4600 4195 4600 4146 4569 4178 eF
bF 4600 4195 4636 4155 4600 4146 eF
0.000 1.000 0.750 C
bF 4631 4240 4600 4195 4600 4243 eF
bF 4631 4240 4600 4243 4600 4292 eF
bF 4600 4243 4527 4219 4569 4261 eF
0.000 1.000 1.000 C
bF 4662 4084 4662 4129 4697 4094 eF
bF 4662 4174 4631 4198 4662 4219 eF
bF 4636 4155 4631 4115 4600 4146 eF
bF 4636 4155 4600 4195 4631 4198 eF
bF 4636 4155 4631 4198 4662 4174 eF
bF 4636 4155 4662 4174 4662 4129 eF
bF 4662 4174 4662 4219 4693 4177 eF
bF 4631 4198 4631 4240 4662 4219 eF
0.000 1.000 0.750 C
bF 4600 4195 4631 4240 4631 4198 eF
0.000 1.000 1.000 C
bF 4693 4177 4662 4219 4707 4214 eF
0.000 1.000 0.750 C
bF 4662 4219 4631 4240 4652 4274 eF
bF 4693 4302 4652 4274 4662 4309 eF
bF 4693 4302 4662 4309 4662 4354 eF
bF 4662 4309 4652 4274 4631 4323 eF
bF 4652 4274 4600 4292 4631 4323 eF
bF 4600 4243 4569 4261 4600 4292 eF
0.000 1.000 1.000 C
bF 4662 4174 4693 4136 4662 4129 eF
bF 4636 4155 4662 4129 4631 4115 eF
bF 4662 4129 4662 4084 4631 4115 eF
0.000 1.000 0.750 C
bF 4631 4240 4600 4292 4652 4274 eF
0.000 1.000 1.000 C
bF 4737 4053 4693 4053 4697 4094 eF
bF 4737 4053 4751 4081 4781 4053 eF
bF 4697 4094 4662 4129 4693 4136 eF
0.000 1.000 0.750 C
bF 4662 4354 4717 4335 4693 4302 eF
bF 4662 4354 4662 4309 4631 4323 eF
0.000 1.000 1.000 C
bF 4864 4329 4814 4325 4842 4352 eF
0.000 1.000 0.750 C
bF 4790 4401 4821 4422 4832 4387 eF
0.000 1.000 1.000 C
bF 4842 4352 4832 4387 4884 4363 eF
0.000 1.000 0.750 C
bF 4832 4387 4821 4422 4857 4406 eF
0.000 1.000 1.000 C
bF 4884 4363 4857 4406 4905 4398 eF
bF 4857 4406 4879 4446 4905 4398 eF
bF 4842 4352 4784 4355 4832 4387 eF
bF 4725 4174 4737 4115 4693 4136 eF
0.000 0.667 1.000 C
bF 4886 4144 4929 4166 4923 4129 eF
0.000 1.000 1.000 C
bF 4693 4177 4707 4214 4725 4174 eF
bF 4725 4174 4773 4190 4760 4158 eF
bF 4746 4218 4786 4222 4773 4190 eF
bF 4760 4158 4773 4190 4808 4174 eF
bF 4773 4190 4786 4222 4808 4174 eF
bF 4855 4162 4840 4194 4895 4189 eF
bF 4808 4174 4786 4222 4825 4226 eF
bF 4840 4194 4865 4230 4895 4189 eF
bF 4810 4275 4844 4295 4874 4264 eF
bF 4814 4325 4844 4295 4810 4275 eF
bF 4760 4270 4810 4275 4786 4222 eF
bF 4810 4275 4874 4264 4825 4226 eF
bF 4707 4214 4693 4260 4727 4265 eF
bF 4746 4218 4727 4265 4760 4270 eF
bF 4727 4265 4739 4302 4760 4270 eF
bF 4814 4325 4765 4330 4784 4355 eF
bF 4746 4218 4707 4214 4727 4265 eF
0.000 1.000 0.750 C
bF 4693 4302 4693 4260 4652 4274 eF
0.000 1.000 1.000 C
bF 4814 4325 4787 4297 4765 4330 eF
bF 4693 4260 4707 4214 4662 4219 eF
bF 4840 4194 4855 4162 4808 4174 eF
bF 4783 4121 4830 4126 4805 4089 eF
0.000 0.667 1.000 C
bF 4781 4053 4837 4071 4815 4030 eF
bF 4837 4071 4868 4053 4815 4030 eF
bF 4886 4144 4884 4091 4857 4108 eF
bF 4830 4126 4837 4071 4805 4089 eF
bF 4884 4091 4868 4053 4837 4071 eF
bF 4857 4108 4837 4071 4830 4126 eF
bF 4837 4071 4781 4053 4805 4089 eF
bF 4935 4204 4950 4244 4972 4210 eF
bF 4935 4204 4972 4210 4965 4174 eF
bF 4972 4210 4995 4253 5010 4216 eF
bF 4929 4166 4886 4144 4895 4189 eF
bF 4868 4053 4911 4053 4890 4022 eF
bF 5025 4114 5012 4083 4980 4110 eF
bF 4917 4091 4965 4076 4911 4053 eF
bF 4965 4076 4998 4053 4950 4042 eF
bF 5010 4216 5005 4177 4972 4210 eF
0.000 1.000 1.000 C
bF 4766 4022 4756 3991 4724 4022 eF
0.000 1.000 0.750 C
bF 4662 4354 4693 4384 4717 4335 eF
0.000 1.000 1.000 C
bF 4739 4302 4727 4265 4693 4302 eF
0.000 1.000 0.750 C
bF 4717 4335 4693 4384 4754 4385 eF
0.000 0.667 1.000 C
bF 4914 3929 4930 3898 4886 3908 eF
bF 4961 3929 4910 3960 4945 3981 eF
bF 4961 3929 4930 3898 4914 3929 eF
bF 4910 3960 4914 3929 4861 3937 eF
bF 4886 3908 4849 3898 4861 3937 eF
bF 4945 3981 4992 3960 4961 3929 eF
bF 4890 3857 4849 3898 4886 3908 eF
bF 4890 3857 4886 3908 4930 3898 eF
bF 4886 3908 4861 3937 4914 3929 eF
bF 4910 3960 4866 3970 4890 3991 eF
bF 4861 3937 4818 3929 4826 3965 eF
bF 5024 3991 4992 3960 4969 4013 eF
bF 4969 4013 5013 4022 5024 3991 eF
bF 4961 3929 4914 3929 4910 3960 eF
bF 4945 3981 4910 3960 4926 4009 eF
bF 4826 3965 4841 4000 4866 3970 eF
bF 4861 3937 4866 3970 4910 3960 eF
bF 4866 3970 4841 4000 4890 3991 eF
bF 4992 3960 4945 3981 4969 4013 eF
bF 4969 4013 4998 4053 5013 4022 eF
bF 5024 3991 5013 4022 5055 4022 eF
bF 5013 4022 5040 4049 5055 4022 eF
bF 4969 4013 4926 4009 4950 4042 eF
bF 4841 4000 4826 3965 4800 3991 eF
bF 4815 4030 4800 3991 4766 4022 eF
bF 4800 3991 4826 3965 4787 3960 eF
bF 4849 3898 4818 3929 4861 3937 eF
bF 4861 3937 4826 3965 4866 3970 eF
bF 4890 3991 4841 4000 4890 4022 eF
bF 4841 4000 4800 3991 4815 4030 eF
bF 4826 3965 4818 3929 4787 3960 eF
bF 5113 4129 5086 4097 5055 4116 eF
bF 5025 4114 5055 4083 5012 4083 eF
bF 5055 4083 5086 4097 5086 4053 eF
bF 4910 3960 4890 3991 4926 4009 eF
bF 4926 4009 4890 4022 4911 4053 eF
bF 4890 4022 4841 4000 4868 4053 eF
bF 4837 4071 4857 4108 4884 4091 eF
bF 4830 4126 4855 4162 4857 4108 eF
bF 4884 4091 4917 4091 4911 4053 eF
0.000 1.000 1.000 C
bF 4865 4230 4905 4234 4895 4189 eF
bF 4781 4053 4766 4022 4737 4053 eF
bF 4737 4053 4697 4094 4751 4081 eF
bF 4693 4177 4693 4136 4662 4174 eF
bF 4697 4094 4693 4053 4662 4084 eF
bF 4737 4053 4724 4022 4693 4053 eF
0.000 0.667 1.000 C
bF 4800 3991 4756 3991 4766 4022 eF
bF 4815 4030 4766 4022 4781 4053 eF
0.000 1.000 1.000 C
bF 4766 4022 4724 4022 4737 4053 eF
0.000 0.667 1.000 C
bF 5117 4084 5086 4053 5086 4097 eF
bF 5055 4149 5086 4184 5117 4167 eF
bF 5086 4053 5040 4049 5055 4083 eF
bF 5045 4181 5086 4184 5055 4149 eF
bF 4998 4053 4969 4013 4950 4042 eF
bF 4800 3991 4787 3960 4756 3991 eF
bF 5148 4115 5117 4084 5113 4129 eF
bF 5055 4149 5117 4167 5113 4129 eF
bF 5117 4167 5086 4184 5117 4208 eF
0.000 1.000 1.000 C
bF 5086 4315 5086 4271 5049 4299 eF
0.000 0.667 1.000 C
bF 4995 4253 5048 4254 5010 4216 eF
bF 5048 4222 5045 4181 5010 4216 eF
bF 5113 4129 5117 4084 5086 4097 eF
0.000 1.000 1.000 C
bF 5055 4477 5010 4477 5024 4508 eF
0.000 1.000 0.750 C
bF 4941 4508 4926 4464 4904 4492 eF
0.000 1.000 1.000 C
bF 4925 4432 4965 4436 4953 4395 eF
bF 4925 4432 4953 4395 4905 4398 eF
bF 4995 4405 5025 4375 4983 4365 eF
bF 4995 4405 4983 4365 4953 4395 eF
bF 4938 4306 4911 4333 4941 4355 eF
bF 4938 4306 4965 4279 4917 4275 eF
bF 4953 4395 4965 4436 4995 4405 eF
bF 5058 4388 5044 4446 5090 4400 eF
bF 4995 4405 4965 4436 5003 4446 eF
0.000 0.667 1.000 C
bF 5113 4129 5148 4160 5148 4115 eF
bF 5148 4160 5179 4146 5148 4115 eF
0.000 1.000 1.000 C
bF 5044 4446 5086 4446 5090 4400 eF
bF 5010 4477 5055 4477 5044 4446 eF
bF 5003 4446 5044 4446 5031 4417 eF
bF 5044 4446 5055 4477 5086 4446 eF
bF 5210 4322 5194 4265 5158 4305 eF
bF 5090 4400 5117 4415 5117 4373 eF
0.000 0.667 1.000 C
bF 5179 4146 5174 4186 5210 4177 eF
0.000 1.000 1.000 C
bF 5086 4446 5117 4415 5090 4400 eF
bF 5044 4446 5058 4388 5031 4417 eF
bF 4810 4275 4825 4226 4786 4222 eF
bF 5056 4345 5025 4375 5058 4388 eF
0.000 1.000 0.750 C
bF 4879 4446 4857 4406 4840 4455 eF
0.000 1.000 1.000 C
bF 5003 4446 4965 4436 4969 4468 eF
bF 4925 4432 4879 4446 4926 4464 eF
bF 5148 4339 5158 4305 5117 4332 eF
bF 5117 4415 5148 4384 5117 4373 eF
bF 5090 4400 5117 4373 5086 4358 eF
bF 5158 4305 5117 4291 5117 4332 eF
bF 5148 4339 5117 4332 5117 4373 eF
bF 5117 4291 5086 4271 5086 4315 eF
bF 5117 4332 5086 4315 5086 4358 eF
bF 5086 4271 5048 4254 5049 4299 eF
bF 5086 4315 5049 4299 5056 4345 eF
bF 5049 4299 5048 4254 5013 4283 eF
bF 5019 4329 4983 4365 5025 4375 eF
bF 5013 4283 5048 4254 4995 4253 eF
bF 4697 4094 4693 4136 4737 4115 eF
bF 4751 4081 4783 4121 4805 4089 eF
bF 4693 4136 4693 4177 4725 4174 eF
bF 4737 4115 4760 4158 4783 4121 eF
bF 4737 4115 4783 4121 4751 4081 eF
bF 4825 4226 4840 4194 4808 4174 eF
bF 4760 4158 4808 4174 4783 4121 eF
bF 4808 4174 4855 4162 4830 4126 eF
bF 4725 4174 4707 4214 4746 4218 eF
0.000 0.667 1.000 C
bF 5202 4221 5148 4205 5163 4265 eF
bF 5148 4205 5134 4244 5163 4265 eF
0.000 1.000 1.000 C
bF 5194 4265 5163 4265 5158 4305 eF
bF 5163 4265 5117 4291 5158 4305 eF
0.000 0.667 1.000 C
bF 5148 4205 5117 4167 5117 4208 eF
bF 5148 4205 5117 4208 5134 4244 eF
bF 5117 4208 5086 4184 5086 4228 eF
bF 5241 4208 5210 4177 5202 4221 eF
0.000 1.000 1.000 C
bF 5134 4244 5086 4271 5117 4291 eF
0.000 0.667 1.000 C
bF 5174 4186 5179 4146 5148 4160 eF
bF 5174 4186 5148 4160 5148 4205 eF
bF 5148 4160 5113 4129 5117 4167 eF
bF 5282 4250 5230 4246 5241 4291 eF
0.000 1.000 1.000 C
bF 5194 4265 5210 4322 5241 4291 eF
0.000 0.667 1.000 C
bF 5202 4221 5194 4265 5230 4246 eF
bF 5241 4208 5230 4246 5282 4250 eF
0.000 1.000 1.000 C
bF 5230 4246 5194 4265 5241 4291 eF
0.000 0.667 1.000 C
bF 5210 4177 5174 4186 5202 4221 eF
bF 5241 4208 5202 4221 5230 4246 eF
bF 5202 4221 5163 4265 5194 4265 eF
0.000 1.000 1.000 C
bF 5134 4244 5117 4291 5163 4265 eF
bF 5210 4322 5158 4305 5179 4353 eF
bF 5117 4373 5148 4384 5148 4339 eF
bF 5148 4384 5179 4353 5148 4339 eF
bF 5117 4373 5117 4332 5086 4358 eF
bF 5148 4339 5179 4353 5158 4305 eF
0.000 1.000 0.750 C
bF 4878 4570 4920 4612 4924 4559 eF
bF 4878 4570 4904 4523 4847 4539 eF
bF 4920 4612 4962 4570 4924 4559 eF
bF 4878 4570 4924 4559 4904 4523 eF
bF 4951 4539 4941 4508 4904 4523 eF
bF 4982 4508 4941 4508 4951 4539 eF
bF 4962 4570 4951 4539 4924 4559 eF
bF 4951 4539 4904 4523 4924 4559 eF
bF 4875 4477 4840 4455 4858 4508 eF
bF 4840 4455 4785 4477 4816 4508 eF
bF 4993 4539 4951 4539 4962 4570 eF
bF 4754 4446 4785 4477 4796 4446 eF
0.000 1.000 1.000 C
bF 4951 4539 4993 4539 4982 4508 eF
bF 4941 4508 4982 4508 4969 4468 eF
bF 4982 4508 5010 4477 4969 4468 eF
0.000 1.000 0.750 C
bF 4904 4492 4875 4477 4858 4508 eF
bF 4847 4539 4858 4508 4816 4508 eF
bF 4858 4508 4840 4455 4816 4508 eF
0.000 1.000 1.000 C
bF 4884 4363 4832 4387 4857 4406 eF
0.000 1.000 0.750 C
bF 4840 4455 4821 4422 4796 4446 eF
bF 4832 4387 4784 4355 4790 4401 eF
0.000 1.000 1.000 C
bF 4941 4355 4911 4333 4884 4363 eF
0.000 1.000 0.750 C
bF 4857 4406 4821 4422 4840 4455 eF
0.000 1.000 1.000 C
bF 4884 4363 4911 4333 4864 4329 eF
bF 4844 4295 4892 4299 4874 4264 eF
bF 4935 4204 4905 4234 4950 4244 eF
bF 4995 4253 4965 4279 5013 4283 eF
bF 4950 4244 4905 4234 4917 4275 eF
bF 4950 4244 4965 4279 4995 4253 eF
bF 4917 4275 4874 4264 4892 4299 eF
bF 4925 4432 4926 4464 4965 4436 eF
bF 4969 4468 4926 4464 4941 4508 eF
0.000 1.000 0.750 C
bF 4926 4464 4875 4477 4904 4492 eF
bF 4904 4523 4858 4508 4847 4539 eF
bF 4875 4477 4879 4446 4840 4455 eF
bF 4754 4446 4754 4385 4723 4415 eF
0.000 1.000 1.000 C
bF 4805 4089 4781 4053 4751 4081 eF
bF 4737 4115 4725 4174 4760 4158 eF
bF 4783 4121 4808 4174 4830 4126 eF
bF 4725 4174 4746 4218 4773 4190 eF
bF 4751 4081 4697 4094 4737 4115 eF
0.000 0.667 1.000 C
bF 4815 4030 4868 4053 4841 4000 eF
bF 5055 4083 5025 4114 5055 4116 eF
bF 5055 4083 5055 4116 5086 4097 eF
bF 5055 4116 5025 4114 5055 4149 eF
bF 5055 4116 5055 4149 5113 4129 eF
bF 5055 4149 5005 4177 5045 4181 eF
bF 5025 4114 4995 4144 5055 4149 eF
bF 5010 4216 5048 4254 5048 4222 eF
bF 5045 4181 5048 4222 5086 4184 eF
bF 5048 4222 5048 4254 5086 4228 eF
bF 5005 4177 4995 4144 4965 4174 eF
bF 4884 4091 4886 4144 4923 4129 eF
bF 4917 4091 4980 4110 4965 4076 eF
bF 4895 4189 4935 4204 4929 4166 eF
bF 4923 4129 4929 4166 4965 4174 eF
bF 4929 4166 4935 4204 4965 4174 eF
bF 4950 4042 4911 4053 4965 4076 eF
bF 4980 4110 4923 4129 4965 4174 eF
bF 4911 4053 4868 4053 4884 4091 eF
bF 4917 4091 4884 4091 4923 4129 eF
bF 4857 4108 4855 4162 4886 4144 eF
bF 5012 4083 4998 4053 4965 4076 eF
bF 4911 4053 4950 4042 4926 4009 eF
bF 4890 4022 4926 4009 4890 3991 eF
bF 4926 4009 4969 4013 4945 3981 eF
0.000 1.000 1.000 C
bF 5117 4332 5117 4291 5086 4315 eF
0.000 0.667 1.000 C
bF 4965 4174 4972 4210 5005 4177 eF
0.000 1.000 1.000 C
bF 4983 4365 5019 4329 4977 4319 eF
bF 5025 4375 5056 4345 5019 4329 eF
bF 4977 4319 5019 4329 5013 4283 eF
bF 5019 4329 5056 4345 5049 4299 eF
bF 5056 4345 5086 4358 5086 4315 eF
bF 4917 4275 4892 4299 4938 4306 eF
bF 4844 4295 4864 4329 4892 4299 eF
bF 4874 4264 4917 4275 4905 4234 eF
bF 4892 4299 4864 4329 4911 4333 eF
bF 5003 4446 5031 4417 4995 4405 eF
bF 4953 4395 4983 4365 4941 4355 eF
bF 4995 4405 5031 4417 5025 4375 eF
bF 5031 4417 5058 4388 5025 4375 eF
bF 5049 4299 5013 4283 5019 4329 eF
bF 4983 4365 4977 4319 4941 4355 eF
bF 4977 4319 5013 4283 4965 4279 eF
bF 4977 4319 4965 4279 4938 4306 eF
bF 4977 4319 4938 4306 4941 4355 eF
bF 4938 4306 4892 4299 4911 4333 eF
bF 4965 4279 4950 4244 4917 4275 eF
bF 5058 4388 5086 4358 5056 4345 eF
bF 5058 4388 5090 4400 5086 4358 eF
bF 4879 4446 4925 4432 4905 4398 eF
bF 4884 4363 4905 4398 4941 4355 eF
bF 4905 4398 4953 4395 4941 4355 eF
bF 4746 4218 4760 4270 4786 4222 eF
0.000 0.667 1.000 C
bF 5086 4271 5134 4244 5086 4228 eF
bF 4995 4144 5005 4177 5055 4149 eF
bF 5086 4184 5048 4222 5086 4228 eF
bF 5045 4181 5005 4177 5010 4216 eF
bF 5086 4228 5048 4254 5086 4271 eF
bF 4972 4210 4950 4244 4995 4253 eF
bF 4995 4144 5025 4114 4980 4110 eF
bF 5012 4083 4965 4076 4980 4110 eF
bF 4995 4144 4980 4110 4965 4174 eF
bF 4980 4110 4917 4091 4923 4129 eF
bF 5012 4083 5040 4049 4998 4053 eF
bF 5086 4053 5055 4022 5040 4049 eF
bF 5055 4083 5040 4049 5012 4083 eF
bF 5040 4049 5013 4022 4998 4053 eF
bF 5202 4221 5174 4186 5148 4205 eF
bF 5134 4244 5117 4208 5086 4228 eF
bF 5148 4205 5148 4160 5117 4167 eF
0.000 1.000 1.000 C
bF 5044 4446 5003 4446 5010 4477 eF
bF 5024 4508 4982 4508 4993 4539 eF
bF 5010 4477 5003 4446 4969 4468 eF
0.000 1.000 0.750 C
bF 4879 4446 4875 4477 4926 4464 eF
bF 4941 4508 4904 4492 4904 4523 eF
bF 4904 4492 4858 4508 4904 4523 eF
0.000 1.000 1.000 C
bF 4905 4234 4935 4204 4895 4189 eF
bF 4840 4194 4825 4226 4865 4230 eF
bF 4905 4234 4865 4230 4874 4264 eF
bF 4865 4230 4825 4226 4874 4264 eF
0.000 0.667 1.000 C
bF 4895 4189 4886 4144 4855 4162 eF
0.000 1.000 1.000 C
bF 4965 4436 4926 4464 4969 4468 eF
0.000 1.000 0.750 C
bF 4754 4385 4754 4446 4790 4401 eF
bF 4754 4446 4796 4446 4790 4401 eF
bF 4754 4385 4790 4401 4784 4355 eF
0.000 1.000 1.000 C
bF 4842 4352 4814 4325 4784 4355 eF
0.000 1.000 0.750 C
bF 4796 4446 4785 4477 4840 4455 eF
0.000 1.000 1.000 C
bF 4982 4508 5024 4508 5010 4477 eF
0.000 1.000 0.750 C
bF 4693 4302 4727 4265 4693 4260 eF
bF 4717 4335 4754 4385 4765 4330 eF
bF 4754 4385 4784 4355 4765 4330 eF
bF 4717 4335 4765 4330 4739 4302 eF
bF 4717 4335 4739 4302 4693 4302 eF
0.000 1.000 1.000 C
bF 4739 4302 4787 4297 4760 4270 eF
bF 4814 4325 4810 4275 4787 4297 eF
bF 4765 4330 4787 4297 4739 4302 eF
bF 4787 4297 4810 4275 4760 4270 eF
bF 4844 4295 4814 4325 4864 4329 eF
bF 4842 4352 4884 4363 4864 4329 eF
0.000 1.000 0.750 C
bF 4790 4401 4796 4446 4821 4422 eF
bF 4754 4385 4693 4384 4723 4415 eF
0.000 0.667 1.000 C
bF 6120 2627 6137 2658 6141 2606 eF
bF 6300 2534 6293 2454 6264 2482 eF
0.000 0.333 1.000 C
bF 6300 2534 6264 2482 6253 2528 eF
bF 6261 2575 6300 2534 6253 2528 eF
0.000 0.667 1.000 C
bF 6261 2575 6232 2551 6212 2573 eF
bF 6253 2528 6264 2482 6244 2503 eF
0.000 0.333 1.000 C
bF 6305 2597 6300 2534 6261 2575 eF
bF 6305 2597 6261 2575 6261 2636 eF
0.000 0.667 1.000 C
bF 6253 2528 6223 2524 6232 2551 eF
0.000 0.333 1.000 C
bF 6253 2528 6232 2551 6261 2575 eF
0.000 0.667 1.000 C
bF 6232 2551 6202 2544 6212 2573 eF
bF 6244 2503 6223 2524 6253 2528 eF
bF 6232 2551 6223 2524 6202 2544 eF
0.000 0.333 1.000 C
bF 6310 2661 6305 2597 6261 2636 eF
bF 6310 2661 6261 2636 6261 2686 eF
bF 6310 2661 6261 2686 6315 2724 eF
bF 6261 2686 6212 2667 6217 2710 eF
bF 6261 2636 6233 2602 6208 2628 eF
bF 6261 2575 6212 2573 6233 2602 eF
bF 6261 2575 6233 2602 6261 2636 eF
0.000 0.667 1.000 C
bF 6233 2602 6191 2595 6208 2628 eF
0.000 0.333 1.000 C
bF 6208 2628 6166 2654 6212 2667 eF
bF 6208 2628 6212 2667 6261 2636 eF
bF 6212 2667 6160 2699 6217 2710 eF
bF 6217 2710 6160 2699 6191 2743 eF
0.000 0.667 1.000 C
bF 6120 2627 6092 2655 6137 2658 eF
bF 6166 2654 6137 2658 6160 2699 eF
0.000 0.333 1.000 C
bF 6137 2658 6092 2655 6119 2709 eF
0.000 0.667 1.000 C
bF 6208 2628 6191 2595 6171 2616 eF
bF 6212 2573 6202 2544 6182 2565 eF
0.000 0.333 1.000 C
bF 6261 2636 6212 2667 6261 2686 eF
0.000 0.667 1.000 C
bF 6212 2573 6182 2565 6191 2595 eF
bF 6212 2573 6191 2595 6233 2602 eF
bF 6191 2595 6161 2585 6171 2616 eF
0.000 0.000 1.000 C
bF 6353 3178 6347 3103 6327 3125 eF
0.000 0.333 1.000 C
bF 6306 3083 6327 3125 6347 3103 eF
bF 6347 3103 6342 3039 6306 3083 eF
bF 6342 3039 6285 3042 6306 3083 eF
bF 6285 3042 6342 3039 6308 3012 eF
bF 6342 3039 6336 2976 6308 3012 eF
bF 6285 3042 6308 3012 6264 3000 eF
bF 6308 3012 6286 2967 6264 3000 eF
bF 6264 3000 6286 2967 6244 2959 eF
bF 6336 2976 6331 2913 6286 2967 eF
bF 6336 2976 6286 2967 6308 3012 eF
bF 6331 2913 6269 2887 6256 2925 eF
bF 6286 2967 6256 2925 6244 2959 eF
bF 6256 2925 6223 2917 6244 2959 eF
bF 6269 2887 6223 2917 6256 2925 eF
bF 6331 2913 6256 2925 6286 2967 eF
bF 6269 2887 6276 2820 6237 2850 eF
bF 6269 2887 6237 2850 6202 2876 eF
bF 6237 2850 6181 2834 6202 2876 eF
bF 6207 2791 6181 2834 6237 2850 eF
bF 6237 2850 6276 2820 6207 2791 eF
bF 6207 2791 6160 2793 6181 2834 eF
bF 6326 2850 6321 2787 6276 2820 eF
bF 6326 2850 6276 2820 6269 2887 eF
bF 6326 2850 6269 2887 6331 2913 eF
bF 6269 2887 6202 2876 6223 2917 eF
bF 6276 2820 6257 2750 6207 2791 eF
bF 6160 2793 6191 2743 6140 2751 eF
bF 6276 2820 6321 2787 6257 2750 eF
bF 6140 2751 6191 2743 6160 2699 eF
bF 6261 2686 6257 2750 6315 2724 eF
bF 6119 2709 6140 2751 6160 2699 eF
bF 6217 2710 6191 2743 6257 2750 eF
bF 6191 2743 6160 2793 6207 2791 eF
bF 6261 2686 6217 2710 6257 2750 eF
bF 6315 2724 6257 2750 6321 2787 eF
bF 6257 2750 6191 2743 6207 2791 eF
0.000 0.667 1.000 C
bF 6208 2628 6171 2616 6166 2654 eF
0.000 0.333 1.000 C
bF 6160 2699 6137 2658 6119 2709 eF
0.000 0.667 1.000 C
bF 6166 2654 6141 2606 6137 2658 eF
bF 6161 2585 6191 2595 6182 2565 eF
0.000 0.333 1.000 C
bF 6212 2667 6166 2654 6160 2699 eF
0.000 0.667 1.000 C
bF 6166 2654 6171 2616 6141 2606 eF
bF 6171 2616 6161 2585 6141 2606 eF
bF 2894 2506 2897 2589 2939 2547 eF
bF 2894 2506 2939 2547 2970 2516 eF
bF 2891 2440 2894 2506 2953 2465 eF
bF 2894 2506 2970 2516 2953 2465 eF
bF 2970 2516 3001 2486 2953 2465 eF
bF 2891 2440 2953 2465 2956 2394 eF
bF 3001 2486 3032 2455 2992 2450 eF
bF 2953 2465 2992 2450 2956 2394 eF
bF 3063 2424 3051 2375 3014 2410 eF
bF 2992 2450 3014 2410 2956 2394 eF
bF 3014 2410 3020 2339 2956 2394 eF
bF 2956 2394 2889 2375 2891 2440 eF
bF 3032 2455 3014 2410 2992 2450 eF
bF 2992 2450 2953 2465 3001 2486 eF
bF 2939 2343 2886 2309 2889 2375 eF
bF 2942 2272 2884 2244 2886 2309 eF
bF 3051 2375 3020 2339 3014 2410 eF
bF 3063 2424 3094 2393 3051 2375 eF
bF 3063 2424 3014 2410 3032 2455 eF
bF 3051 2375 3085 2342 3020 2339 eF
bF 3094 2393 3085 2342 3051 2375 eF
bF 2994 2298 2942 2272 2939 2343 eF
bF 2956 2394 2939 2343 2889 2375 eF
bF 2939 2343 2942 2272 2886 2309 eF
bF 2879 2113 2944 2144 2933 2088 eF
0.000 1.000 1.000 C
bF 3095 2062 3086 2118 3126 2093 eF
0.000 0.667 1.000 C
bF 2879 2113 2881 2178 2944 2144 eF
bF 2944 2144 2942 2208 3009 2189 eF
bF 2993 2139 3009 2189 3041 2122 eF
bF 3001 2243 2994 2298 3062 2256 eF
bF 2942 2208 2884 2244 2942 2272 eF
bF 3020 2339 2939 2343 2956 2394 eF
bF 2942 2208 2881 2178 2884 2244 eF
0.000 1.000 1.000 C
bF 2909 1876 2868 1835 2871 1916 eF
bF 2909 1876 2871 1916 2940 1907 eF
bF 2928 1957 2940 1907 2871 1916 eF
0.000 0.667 1.000 C
bF 2871 1916 2874 1982 2928 1957 eF
0.000 1.000 1.000 C
bF 2940 1907 2928 1957 2971 1938 eF
0.000 0.667 1.000 C
bF 2928 1957 2966 1991 2971 1938 eF
0.000 1.000 1.000 C
bF 2971 1938 2966 1991 3002 1969 eF
0.000 0.667 1.000 C
bF 2928 1957 2937 2029 2966 1991 eF
0.000 1.000 1.000 C
bF 3033 2000 3002 1969 2996 2019 eF
0.000 0.667 1.000 C
bF 2993 2139 3041 2122 3012 2095 eF
bF 2993 2139 3012 2095 2982 2067 eF
bF 3012 2095 3025 2048 2982 2067 eF
bF 2928 1957 2874 1982 2937 2029 eF
bF 3009 2189 2993 2139 2944 2144 eF
bF 2942 2208 2944 2144 2881 2178 eF
bF 2944 2144 2993 2139 2933 2088 eF
bF 2879 2113 2933 2088 2876 2047 eF
bF 2996 2019 2966 1991 2937 2029 eF
bF 2876 2047 2937 2029 2874 1982 eF
0.000 1.000 1.000 C
bF 3025 2048 3033 2000 2996 2019 eF
0.000 0.667 1.000 C
bF 3025 2048 2996 2019 2982 2067 eF
0.000 1.000 1.000 C
bF 2996 2019 3002 1969 2966 1991 eF
0.000 0.667 1.000 C
bF 2937 2029 2933 2088 2982 2067 eF
0.000 1.000 1.000 C
bF 3025 2048 3050 2072 3064 2031 eF
0.000 0.667 1.000 C
bF 3012 2095 3041 2122 3050 2072 eF
bF 3012 2095 3050 2072 3025 2048 eF
bF 2982 2067 2996 2019 2937 2029 eF
0.000 1.000 1.000 C
bF 3025 2048 3064 2031 3033 2000 eF
bF 3050 2072 3095 2062 3064 2031 eF
bF 3041 2122 3086 2118 3050 2072 eF
0.000 0.667 1.000 C
bF 2937 2029 2876 2047 2933 2088 eF
bF 2933 2088 2993 2139 2982 2067 eF
0.000 1.000 1.000 C
bF 3050 2072 3086 2118 3095 2062 eF
bF 3063 2165 3112 2144 3086 2118 eF
bF 3126 2093 3112 2144 3157 2124 eF
bF 3127 2222 3112 2187 3096 2238 eF
bF 3041 2122 3063 2165 3086 2118 eF
bF 3188 2155 3157 2124 3156 2165 eF
bF 3156 2165 3112 2187 3156 2207 eF
bF 3156 2207 3127 2222 3156 2248 eF
0.000 0.667 1.000 C
bF 3063 2165 3041 2122 3009 2189 eF
0.000 1.000 1.000 C
bF 3112 2144 3126 2093 3086 2118 eF
bF 3187 2252 3218 2269 3260 2228 eF
bF 3187 2252 3260 2228 3187 2203 eF
bF 3156 2289 3187 2300 3187 2252 eF
bF 3187 2203 3218 2186 3188 2155 eF
0.000 0.667 1.000 C
bF 3125 2362 3111 2316 3085 2342 eF
bF 3125 2362 3085 2342 3094 2393 eF
0.000 1.000 1.000 C
bF 3156 2165 3156 2207 3187 2203 eF
bF 3218 2186 3187 2203 3260 2228 eF
bF 3187 2203 3156 2207 3187 2252 eF
bF 3218 2269 3187 2252 3187 2300 eF
bF 3187 2252 3156 2207 3156 2248 eF
bF 3156 2289 3112 2273 3111 2316 eF
bF 3112 2144 3063 2165 3112 2187 eF
bF 3112 2144 3112 2187 3156 2165 eF
bF 3063 2210 3096 2238 3112 2187 eF
bF 3156 2248 3112 2273 3156 2289 eF
0.000 0.667 1.000 C
bF 3009 2189 3001 2243 3063 2210 eF
bF 3063 2210 3062 2256 3096 2238 eF
0.000 1.000 1.000 C
bF 3127 2222 3096 2238 3112 2273 eF
bF 3096 2238 3062 2256 3112 2273 eF
0.000 0.667 1.000 C
bF 3062 2256 3062 2301 3112 2273 eF
bF 3085 2342 3062 2301 3020 2339 eF
bF 2942 2208 2942 2272 3001 2243 eF
bF 3001 2243 3062 2256 3063 2210 eF
bF 3009 2189 3063 2210 3063 2165 eF
0.000 1.000 1.000 C
bF 3063 2210 3112 2187 3063 2165 eF
0.000 0.667 1.000 C
bF 3001 2243 2942 2272 2994 2298 eF
bF 3062 2301 2994 2298 3020 2339 eF
bF 2994 2298 2939 2343 3020 2339 eF
0.000 1.000 1.000 C
bF 3127 2222 3156 2207 3112 2187 eF
bF 3112 2144 3156 2165 3157 2124 eF
bF 3156 2165 3187 2203 3188 2155 eF
bF 3125 2362 3156 2331 3111 2316 eF
bF 3156 2248 3156 2289 3187 2252 eF
bF 3156 2289 3156 2331 3187 2300 eF
0.000 0.667 1.000 C
bF 3009 2189 2942 2208 3001 2243 eF
0.000 1.000 1.000 C
bF 3156 2331 3156 2289 3111 2316 eF
0.000 0.667 1.000 C
bF 3085 2342 3111 2316 3062 2301 eF
0.000 1.000 1.000 C
bF 3156 2248 3127 2222 3112 2273 eF
0.000 0.667 1.000 C
bF 3111 2316 3112 2273 3062 2301 eF
bF 3062 2256 2994 2298 3062 2301 eF
0.744 0.000 0.500 C
bF 4745 743 4950 537 4663 482 eF
bF 4950 537 4558 145 4663 482 eF
0.872 0.000 0.750 C
bF 4745 743 4663 482 4499 727 eF
0.744 0.000 0.500 C
bF 4663 482 4558 145 4351 352 eF
0.500 0.000 1.000 C
bF 4573 915 4499 727 4327 899 eF
0.250 0.000 1.000 C
bF 4080 884 4327 899 4252 712 eF
1.000 0.000 1.000 C
bF 4178 525 4425 539 4351 352 eF
0.500 0.000 1.000 C
bF 4252 712 4327 899 4499 727 eF
1.000 0.000 1.000 C
bF 4425 539 4499 727 4663 482 eF
bF 4499 727 4573 915 4745 743 eF
0.000 0.000 1.000 C
bF 4327 899 4155 1071 4401 1086 eF
0.750 0.000 1.000 C
bF 4178 525 4252 712 4425 539 eF
0.872 0.000 0.750 C
bF 4351 352 4425 539 4663 482 eF
0.750 0.000 1.000 C
bF 4425 539 4252 712 4499 727 eF
0.250 0.000 1.000 C
bF 4573 915 4327 899 4401 1086 eF
0.000 0.000 1.000 C
bF 4327 899 4080 884 4155 1071 eF
0.000 0.333 1.000 C
bF 4229 1258 4155 1071 3982 1243 eF
0.250 0.000 1.000 C
bF 4005 698 4080 884 4252 712 eF
0.000 0.000 1.000 C
bF 4401 1086 4155 1071 4229 1258 eF
0.000 0.333 1.000 C
bF 4155 1071 3907 1057 3982 1243 eF
0.000 0.667 1.000 C
bF 4229 1258 3982 1243 4058 1430 eF
0.000 1.000 1.000 C
bF 3886 1602 3872 1419 3686 1409 eF
0.000 0.667 1.000 C
bF 3872 1419 3982 1243 3735 1230 eF
bF 3659 1044 3907 1057 3832 871 eF
0.000 0.000 1.000 C
bF 4080 884 4005 698 3832 871 eF
0.500 0.000 1.000 C
bF 4178 525 4005 698 4252 712 eF
0.000 0.333 1.000 C
bF 4155 1071 4080 884 3907 1057 eF
bF 4080 884 3832 871 3907 1057 eF
0.000 1.000 1.000 C
bF 2988 1714 2868 1835 2955 1847 eF
bF 2909 1876 2940 1907 2955 1847 eF
bF 2909 1876 2955 1847 2868 1835 eF
bF 2955 1847 3108 1762 2988 1714 eF
bF 2940 1907 2971 1938 3016 1920 eF
bF 2955 1847 3016 1920 3086 1892 eF
bF 3016 1920 3073 1976 3086 1892 eF
bF 2940 1907 3016 1920 2955 1847 eF
bF 2971 1938 3002 1969 3016 1920 eF
bF 3002 1969 3073 1976 3016 1920 eF
bF 3033 2000 3064 2031 3073 1976 eF
bF 3033 2000 3073 1976 3002 1969 eF
bF 3120 2021 3146 1949 3073 1976 eF
bF 2988 1714 3108 1762 3140 1563 eF
bF 3341 1754 3390 1575 3140 1563 eF
bF 3218 2186 3260 2228 3227 2117 eF
bF 3188 2155 3218 2186 3227 2117 eF
bF 3157 2124 3188 2155 3227 2117 eF
bF 3157 2124 3157 2058 3126 2093 eF
bF 3227 2117 3260 2228 3386 2101 eF
bF 3086 1892 3073 1976 3146 1949 eF
bF 3206 2005 3120 2021 3157 2058 eF
bF 3206 2005 3157 2058 3227 2117 eF
bF 3157 2058 3095 2062 3126 2093 eF
bF 3120 2021 3064 2031 3095 2062 eF
bF 3157 2058 3120 2021 3095 2062 eF
bF 3064 2031 3120 2021 3073 1976 eF
bF 3157 2124 3227 2117 3157 2058 eF
bF 3120 2021 3206 2005 3146 1949 eF
bF 3086 1892 3223 1872 3108 1762 eF
bF 3206 2005 3364 1932 3223 1872 eF
bF 3206 2005 3386 2101 3364 1932 eF
bF 3206 2005 3223 1872 3146 1949 eF
bF 3364 1932 3528 1764 3341 1754 eF
bF 3227 2117 3386 2101 3206 2005 eF
bF 3313 1390 3140 1563 3390 1575 eF
bF 3313 1390 3390 1575 3500 1399 eF
bF 3313 1390 3500 1399 3486 1217 eF
bF 3500 1399 3638 1588 3686 1409 eF
bF 2955 1847 3086 1892 3108 1762 eF
bF 3140 1563 3108 1762 3341 1754 eF
bF 3086 1892 3146 1949 3223 1872 eF
bF 3108 1762 3223 1872 3341 1754 eF
bF 3223 1872 3364 1932 3341 1754 eF
bF 3390 1575 3528 1764 3638 1588 eF
bF 3364 1932 3386 2101 3542 1945 eF
bF 3638 1588 3528 1764 3714 1773 eF
bF 3486 1217 3500 1399 3686 1409 eF
bF 3542 1945 3714 1773 3528 1764 eF
bF 3542 1945 3528 1764 3364 1932 eF
bF 3528 1764 3390 1575 3341 1754 eF
bF 3390 1575 3638 1588 3500 1399 eF
bF 3638 1588 3886 1602 3686 1409 eF
bF 3486 1217 3735 1230 3659 1044 eF
bF 3638 1588 3714 1773 3886 1602 eF
0.000 0.667 1.000 C
bF 3907 1057 3659 1044 3735 1230 eF
bF 3907 1057 3735 1230 3982 1243 eF
0.000 1.000 1.000 C
bF 3735 1230 3486 1217 3686 1409 eF
bF 3886 1602 4058 1430 3872 1419 eF
bF 3686 1409 3872 1419 3735 1230 eF
0.000 0.667 1.000 C
bF 3872 1419 4058 1430 3982 1243 eF
1.000 0.829 0.163 C
bF 2429 473 2376 310 2182 373 eF
1.000 1.000 0.000 C
bF 2429 473 2182 373 2254 594 eF
0.750 1.000 0.000 C
bF 2478 626 2429 473 2254 594 eF
0.500 1.000 0.000 C
bF 2478 626 2254 594 2328 824 eF
0.250 1.000 0.000 C
bF 2478 626 2328 824 2528 780 eF
0.000 1.000 0.000 C
bF 2528 780 2328 824 2577 933 eF
bF 2577 933 2328 824 2402 1053 eF
0.000 1.000 0.250 C
bF 2577 933 2402 1053 2627 1087 eF
0.000 1.000 0.500 C
bF 2402 1053 2475 1282 2627 1087 eF
bF 2627 1087 2475 1282 2676 1240 eF
0.000 1.000 0.750 C
bF 2475 1282 2726 1394 2676 1240 eF
bF 2549 1511 2726 1394 2475 1282 eF
0.000 1.000 1.000 C
bF 2726 1394 2549 1511 2775 1547 eF
bF 2549 1511 2623 1741 2775 1547 eF
bF 2623 1741 2824 1699 2775 1547 eF
0.000 0.667 1.000 C
bF 2841 2414 2897 2589 2894 2506 eF
bF 2894 2506 2891 2440 2841 2414 eF
bF 2891 2440 2889 2375 2841 2414 eF
bF 2841 2414 2889 2375 2886 2309 eF
bF 2841 2414 2886 2309 2771 2199 eF
bF 2886 2309 2884 2244 2771 2199 eF
bF 2771 2199 2884 2244 2881 2178 eF
bF 2771 2199 2881 2178 2879 2113 eF
bF 2879 2113 2876 2047 2771 2199 eF
bF 2771 2199 2876 2047 2697 1970 eF
bF 2876 2047 2874 1982 2697 1970 eF
bF 2874 1982 2871 1916 2697 1970 eF
0.000 1.000 1.000 C
bF 2871 1916 2868 1835 2697 1970 eF
bF 2868 1835 2623 1741 2697 1970 eF
bF 2824 1699 2623 1741 2868 1835 eF
bF 4405 4097 4527 4219 4569 4178 eF
bF 4569 4178 4582 4088 4405 4097 eF
bF 4600 4146 4582 4088 4569 4178 eF
bF 4600 4146 4631 4115 4582 4088 eF
bF 4405 4097 4531 3968 4259 3951 eF
bF 4582 4088 4631 4115 4662 4084 eF
bF 4751 3887 4664 3798 4678 3920 eF
bF 4678 3920 4531 3968 4630 4005 eF
bF 4687 4001 4630 4005 4693 4053 eF
bF 4630 4005 4531 3968 4582 4088 eF
bF 4678 3920 4664 3798 4531 3968 eF
bF 3260 2228 3226 2336 3380 2348 eF
bF 3145 2405 3224 2423 3226 2336 eF
bF 3218 2269 3226 2336 3260 2228 eF
bF 3226 2336 3224 2423 3380 2348 eF
bF 3187 2300 3226 2336 3218 2269 eF
bF 3156 2331 3226 2336 3187 2300 eF
0.000 0.667 1.000 C
bF 2985 2577 3133 2659 3114 2531 eF
bF 3063 2424 3102 2448 3094 2393 eF
0.000 1.000 1.000 C
bF 3133 2659 3302 2553 3114 2531 eF
0.000 0.667 1.000 C
bF 3114 2531 3169 2477 3102 2448 eF
0.000 1.000 1.000 C
bF 3169 2477 3302 2553 3224 2423 eF
bF 3145 2405 3226 2336 3156 2331 eF
bF 3302 2553 3525 2493 3380 2348 eF
bF 3262 2700 3422 2752 3302 2553 eF
0.000 0.667 1.000 C
bF 2939 2547 2897 2589 2985 2577 eF
bF 2970 2516 2939 2547 2985 2577 eF
bF 3102 2448 3032 2455 3046 2504 eF
bF 3114 2531 3046 2504 2985 2577 eF
bF 3046 2504 3032 2455 3001 2486 eF
bF 2985 2577 3046 2504 2970 2516 eF
bF 3032 2455 3102 2448 3063 2424 eF
bF 2897 2589 3017 2709 2985 2577 eF
bF 2970 2516 3046 2504 3001 2486 eF
bF 2985 2577 3017 2709 3133 2659 eF
bF 3017 2709 3161 2853 3133 2659 eF
bF 3169 2477 3145 2405 3102 2448 eF
bF 3114 2531 3102 2448 3046 2504 eF
bF 3145 2405 3125 2362 3094 2393 eF
0.000 1.000 1.000 C
bF 3156 2331 3125 2362 3145 2405 eF
bF 3224 2423 3145 2405 3169 2477 eF
0.000 0.667 1.000 C
bF 3145 2405 3094 2393 3102 2448 eF
0.000 1.000 1.000 C
bF 3114 2531 3302 2553 3169 2477 eF
bF 3133 2659 3262 2700 3302 2553 eF
bF 3224 2423 3302 2553 3380 2348 eF
bF 3302 2553 3422 2752 3525 2493 eF
bF 3262 2700 3161 2853 3422 2752 eF
bF 3262 2700 3133 2659 3161 2853 eF
bF 3685 2653 3525 2493 3422 2752 eF
bF 3580 2910 3738 3068 3845 2812 eF
bF 3422 2752 3161 2853 3318 3010 eF
bF 3318 3010 3580 2910 3422 2752 eF
bF 3475 3167 3738 3068 3580 2910 eF
bF 3422 2752 3580 2910 3685 2653 eF
bF 3580 2910 3845 2812 3685 2653 eF
bF 3632 3324 3897 3226 3738 3068 eF
bF 3475 3167 3580 2910 3318 3010 eF
bF 3738 3068 4004 2972 3845 2812 eF
bF 3897 3226 4004 2972 3738 3068 eF
bF 4164 3132 4004 2972 3897 3226 eF
bF 3789 3480 3897 3226 3632 3324 eF
bF 3738 3068 3475 3167 3632 3324 eF
bF 3897 3226 4135 3464 4164 3132 eF
bF 4135 3464 3897 3226 3962 3472 eF
bF 4135 3464 3962 3472 3945 3637 eF
bF 3962 3472 3897 3226 3789 3480 eF
bF 4324 3292 4164 3132 4135 3464 eF
bF 4324 3292 4293 3623 4484 3451 eF
bF 3962 3472 3789 3480 3945 3637 eF
bF 3945 3637 4102 3794 4135 3464 eF
bF 4451 3781 4484 3451 4293 3623 eF
bF 4451 3781 4293 3623 4259 3951 eF
bF 4293 3623 4324 3292 4135 3464 eF
bF 4293 3623 4135 3464 4102 3794 eF
bF 4484 3451 4451 3781 4643 3611 eF
bF 4259 3951 4531 3968 4451 3781 eF
bF 4259 3951 4293 3623 4102 3794 eF
bF 4664 3798 4779 3747 4643 3611 eF
0.000 0.667 1.000 C
bF 4849 3898 4890 3857 4779 3747 eF
bF 4751 3887 4818 3929 4849 3898 eF
bF 4756 3991 4787 3960 4725 3963 eF
bF 4664 3798 4751 3887 4779 3747 eF
bF 4751 3887 4787 3960 4818 3929 eF
0.000 1.000 1.000 C
bF 4724 4022 4725 3963 4687 4001 eF
bF 4693 4053 4724 4022 4687 4001 eF
bF 4693 4053 4630 4005 4662 4084 eF
0.000 0.667 1.000 C
bF 4787 3960 4751 3887 4725 3963 eF
0.000 1.000 1.000 C
bF 4751 3887 4678 3920 4725 3963 eF
bF 4756 3991 4725 3963 4724 4022 eF
bF 4725 3963 4678 3920 4687 4001 eF
bF 4451 3781 4664 3798 4643 3611 eF
0.000 0.667 1.000 C
bF 4751 3887 4849 3898 4779 3747 eF
0.000 1.000 1.000 C
bF 4662 4084 4630 4005 4582 4088 eF
bF 4664 3798 4451 3781 4531 3968 eF
bF 4678 3920 4630 4005 4687 4001 eF
bF 4531 3968 4405 4097 4582 4088 eF
1.000 1.000 0.000 C
bF 2800 5947 2910 6269 3095 6044 eF
bF 2958 6573 3191 6340 2910 6269 eF
bF 3001 5745 2800 5947 3095 6044 eF
0.750 1.000 0.000 C
bF 3001 5745 3095 6044 3296 5843 eF
bF 3001 5745 3296 5843 3203 5544 eF
0.500 1.000 0.000 C
bF 3296 5843 3591 5940 3497 5642 eF
1.000 1.000 0.000 C
bF 3095 6044 3191 6340 3391 6140 eF
0.750 1.000 0.000 C
bF 3391 6140 3591 5940 3296 5843 eF
0.500 1.000 0.000 C
bF 3203 5544 3296 5843 3497 5642 eF
0.750 1.000 0.000 C
bF 3391 6140 3296 5843 3095 6044 eF
0.500 1.000 0.000 C
bF 3404 5343 3203 5544 3497 5642 eF
0.250 1.000 0.000 C
bF 3648 5491 3799 5341 3606 5141 eF
0.500 1.000 0.000 C
bF 3497 5642 3591 5940 3791 5740 eF
bF 3791 5740 3648 5491 3497 5642 eF
bF 3404 5343 3497 5642 3648 5491 eF
0.250 1.000 0.000 C
bF 3404 5343 3648 5491 3606 5141 eF
bF 3648 5491 3992 5540 3799 5341 eF
0.000 1.000 0.000 C
bF 3807 4940 3606 5141 3949 5190 eF
bF 3949 5190 3992 5540 4192 5340 eF
0.250 1.000 0.000 C
bF 3648 5491 3791 5740 3992 5540 eF
0.000 1.000 0.000 C
bF 4099 5040 3807 4940 3949 5190 eF
bF 4099 5040 3949 5190 4192 5340 eF
0.250 1.000 0.000 C
bF 3949 5190 3606 5141 3799 5341 eF
0.000 1.000 0.250 C
bF 4392 5140 4300 4839 4099 5040 eF
0.250 1.000 0.000 C
bF 3949 5190 3799 5341 3992 5540 eF
0.000 1.000 0.250 C
bF 4099 5040 4008 4738 3807 4940 eF
bF 4300 4839 4008 4738 4099 5040 eF
bF 4210 4537 4008 4738 4300 4839 eF
bF 4592 4939 4300 4839 4392 5140 eF
bF 4099 5040 4192 5340 4392 5140 eF
0.000 1.000 0.500 C
bF 4445 4694 4580 4559 4387 4360 eF
bF 4300 4839 4592 4939 4445 4694 eF
0.000 1.000 0.750 C
bF 4569 4261 4387 4360 4566 4389 eF
bF 4631 4323 4566 4389 4662 4354 eF
bF 4566 4389 4387 4360 4580 4559 eF
bF 4763 4591 4580 4559 4774 4758 eF
0.000 1.000 0.500 C
bF 4387 4360 4210 4537 4445 4694 eF
bF 4580 4559 4445 4694 4774 4758 eF
bF 4445 4694 4210 4537 4300 4839 eF
0.000 1.000 0.750 C
bF 4527 4219 4387 4360 4569 4261 eF
bF 4569 4261 4566 4389 4600 4292 eF
bF 4600 4292 4566 4389 4631 4323 eF
bF 4693 4384 4662 4354 4566 4389 eF
bF 4566 4389 4703 4479 4693 4384 eF
bF 4785 4477 4754 4446 4703 4479 eF
bF 4580 4559 4703 4479 4566 4389 eF
bF 4703 4479 4754 4446 4723 4415 eF
bF 4774 4758 4920 4612 4763 4591 eF
bF 4763 4591 4920 4612 4878 4570 eF
bF 4847 4539 4763 4591 4878 4570 eF
bF 4816 4508 4763 4591 4847 4539 eF
0.000 1.000 0.500 C
bF 4592 4939 4774 4758 4445 4694 eF
0.000 1.000 0.750 C
bF 4703 4479 4763 4591 4785 4477 eF
bF 4763 4591 4816 4508 4785 4477 eF
bF 4580 4559 4763 4591 4703 4479 eF
bF 4693 4384 4703 4479 4723 4415 eF
1.000 1.000 0.000 C
bF 2800 5947 2566 6181 2910 6269 eF
bF 3095 6044 2910 6269 3191 6340 eF
1.000 0.829 0.163 C
bF 2910 6269 2566 6181 2958 6573 eF
0.744 0.000 0.500 C
bF 6638 6330 6866 6558 6818 6148 eF
bF 6866 6558 7228 6196 6818 6148 eF
1.000 0.000 1.000 C
bF 6638 6330 6818 6148 6439 6131 eF
0.744 0.000 0.500 C
bF 6818 6148 7228 6196 6998 5966 eF
1.000 0.000 1.000 C
bF 6439 6131 6818 6148 6618 5948 eF
bF 6818 6148 6998 5966 6618 5948 eF
0.500 0.000 1.000 C
bF 6241 5933 6439 6131 6618 5948 eF
bF 6241 5933 6618 5948 6419 5748 eF
0.000 0.000 1.000 C
bF 6241 5933 6419 5748 6042 5734 eF
0.500 0.000 1.000 C
bF 6419 5748 6797 5765 6597 5564 eF
1.000 0.000 1.000 C
bF 6618 5948 6998 5966 6797 5765 eF
0.500 0.000 1.000 C
bF 6419 5748 6618 5948 6797 5765 eF
0.000 0.000 1.000 C
bF 6219 5549 6042 5734 6419 5748 eF
0.000 1.000 1.000 C
bF 5404 4372 5282 4250 5269 4337 eF
bF 5241 4291 5269 4337 5282 4250 eF
bF 5241 4291 5210 4322 5269 4337 eF
bF 5404 4372 5269 4337 5240 4560 eF
bF 5269 4337 5210 4322 5179 4353 eF
bF 5269 4337 5179 4353 5175 4436 eF
bF 5269 4337 5175 4436 5240 4560 eF
0.000 1.000 0.750 C
bF 4962 4570 4920 4612 5036 4581 eF
0.000 1.000 1.000 C
bF 4962 4570 5036 4581 4993 4539 eF
bF 4993 4539 5036 4581 5024 4508 eF
bF 5086 4446 5110 4501 5117 4415 eF
bF 5066 4758 5036 4581 4920 4612 eF
bF 5110 4501 5055 4477 5024 4508 eF
bF 5175 4436 5117 4415 5110 4501 eF
bF 5066 4758 5419 4749 5240 4560 eF
bF 5036 4581 5110 4501 5024 4508 eF
bF 5179 4353 5148 4384 5175 4436 eF
bF 5240 4560 5175 4436 5110 4501 eF
bF 5240 4560 5110 4501 5036 4581 eF
bF 5110 4501 5086 4446 5055 4477 eF
bF 5175 4436 5148 4384 5117 4415 eF
bF 5404 4372 5240 4560 5592 4560 eF
bF 5592 4560 5240 4560 5419 4749 eF
bF 5066 4758 5240 4560 5036 4581 eF
bF 5619 4949 5793 4761 5419 4749 eF
bF 5066 4758 5247 4939 5419 4749 eF
bF 5592 4560 5419 4749 5793 4761 eF
bF 5419 4749 5247 4939 5619 4949 eF
bF 5793 4761 5769 5099 5994 4962 eF
bF 5619 4949 5247 4939 5445 5137 eF
bF 5793 4761 5619 4949 5769 5099 eF
0.000 0.667 1.000 C
bF 5994 4962 5769 5099 5920 5249 eF
bF 5769 5099 5644 5336 5920 5249 eF
0.000 1.000 1.000 C
bF 5445 5137 5769 5099 5619 4949 eF
0.000 0.333 1.000 C
bF 6396 5363 6069 5399 6219 5549 eF
0.000 1.000 1.000 C
bF 5644 5336 5769 5099 5445 5137 eF
0.000 0.667 1.000 C
bF 5920 5249 6195 5162 5994 4962 eF
bF 5644 5336 5843 5535 5920 5249 eF
0.000 0.333 1.000 C
bF 6195 5162 6069 5399 6396 5363 eF
0.000 0.000 1.000 C
bF 6396 5363 6219 5549 6597 5564 eF
0.000 0.333 1.000 C
bF 6069 5399 5843 5535 6042 5734 eF
bF 6042 5734 6219 5549 6069 5399 eF
0.000 0.667 1.000 C
bF 5843 5535 6069 5399 5920 5249 eF
bF 6069 5399 6195 5162 5920 5249 eF
0.000 0.000 1.000 C
bF 6597 5564 6219 5549 6419 5748 eF
0.000 0.333 1.000 C
bF 6263 3269 6353 3178 6273 3163 eF
bF 6353 3178 6327 3125 6273 3163 eF
bF 6327 3125 6306 3083 6273 3163 eF
bF 6190 3205 6086 3258 6156 3376 eF
bF 6273 3163 6306 3083 6248 3057 eF
bF 6306 3083 6285 3042 6248 3057 eF
bF 6080 3035 6014 3136 6159 3087 eF
bF 6248 3057 6264 3000 6194 3013 eF
bF 6263 3269 6190 3205 6156 3376 eF
bF 6156 3376 6086 3258 6045 3486 eF
bF 6018 2928 5940 3011 6080 3035 eF
bF 6086 3258 6014 3136 5897 3254 eF
bF 6014 3136 5940 3011 5883 3135 eF
bF 6119 2709 6092 2655 6073 2727 eF
bF 6119 2709 6073 2727 6140 2751 eF
bF 6073 2727 6092 2655 5986 2760 eF
bF 6073 2727 6114 2809 6140 2751 eF
bF 6114 2809 6160 2793 6140 2751 eF
bF 6202 2876 6181 2834 6154 2877 eF
bF 6202 2876 6154 2877 6190 2948 eF
bF 6154 2877 6114 2809 6087 2878 eF
bF 6190 2948 6154 2877 6128 2960 eF
bF 6181 2834 6114 2809 6154 2877 eF
bF 6154 2877 6087 2878 6128 2960 eF
bF 6087 2878 5986 2760 6018 2928 eF
bF 6190 2948 6223 2917 6202 2876 eF
bF 6244 2959 6223 2917 6190 2948 eF
bF 6285 3042 6264 3000 6248 3057 eF
bF 6181 2834 6160 2793 6114 2809 eF
bF 6087 2878 6114 2809 5986 2760 eF
bF 6114 2809 6073 2727 5986 2760 eF
bF 6194 3013 6264 3000 6244 2959 eF
bF 6014 3136 6190 3205 6159 3087 eF
bF 5740 3007 5883 3135 5940 3011 eF
bF 5864 2882 5940 3011 6018 2928 eF
bF 6244 2959 6190 2948 6194 3013 eF
bF 6194 3013 6080 3035 6159 3087 eF
bF 6248 3057 6159 3087 6273 3163 eF
bF 6014 3136 6086 3258 6190 3205 eF
bF 6159 3087 6190 3205 6273 3163 eF
bF 6190 3205 6263 3269 6273 3163 eF
bF 6194 3013 6190 2948 6128 2960 eF
bF 6194 3013 6128 2960 6080 3035 eF
bF 6014 3136 6080 3035 5940 3011 eF
bF 6080 3035 6128 2960 6018 2928 eF
bF 6128 2960 6087 2878 6018 2928 eF
bF 5864 2882 6018 2928 5986 2760 eF
bF 6248 3057 6194 3013 6159 3087 eF
0.000 0.667 1.000 C
bF 5858 3485 5779 3371 5717 3562 eF
0.000 0.333 1.000 C
bF 5740 3007 5940 3011 5864 2882 eF
0.000 0.667 1.000 C
bF 5907 3372 6045 3486 6086 3258 eF
bF 5740 3007 5763 3254 5883 3135 eF
0.000 0.333 1.000 C
bF 6014 3136 5883 3135 5897 3254 eF
0.000 0.667 1.000 C
bF 5907 3372 5779 3371 5858 3485 eF
bF 5907 3372 5858 3485 6045 3486 eF
bF 5858 3485 5717 3562 5935 3597 eF
bF 5763 3254 5643 3374 5779 3371 eF
bF 5883 3135 5763 3254 5897 3254 eF
bF 5602 3678 5714 3818 5824 3707 eF
bF 5615 3132 5643 3374 5763 3254 eF
bF 5615 3132 5763 3254 5740 3007 eF
bF 5601 3549 5717 3562 5643 3374 eF
bF 5763 3254 5779 3371 5897 3254 eF
bF 5935 3597 6045 3486 5858 3485 eF
bF 5779 3371 5907 3372 5897 3254 eF
bF 5907 3372 6086 3258 5897 3254 eF
bF 5935 3597 5717 3562 5824 3707 eF
bF 5615 3132 5490 3257 5643 3374 eF
bF 5779 3371 5643 3374 5717 3562 eF
bF 5643 3374 5488 3395 5601 3549 eF
bF 5717 3562 5601 3549 5602 3678 eF
bF 5714 3818 5602 3678 5487 3857 eF
bF 5602 3678 5601 3549 5484 3667 eF
bF 5714 3818 5487 3857 5603 3928 eF
bF 5643 3374 5490 3257 5488 3395 eF
bF 5485 3532 5488 3395 5365 3382 eF
bF 5488 3395 5490 3257 5365 3382 eF
bF 5485 3532 5365 3382 5364 3588 eF
bF 5484 3667 5487 3857 5602 3678 eF
bF 4890 3857 4993 3890 4994 3753 eF
bF 4930 3898 4993 3890 4890 3857 eF
bF 5098 3871 4994 3753 4993 3890 eF
bF 4961 3929 4993 3890 4930 3898 eF
bF 5098 3871 5106 3767 4994 3753 eF
bF 4993 3890 4961 3929 4992 3960 eF
bF 5036 3955 5093 3949 5098 3871 eF
bF 4994 3753 5106 3767 5115 3631 eF
bF 5493 4038 5372 3908 5366 4043 eF
bF 5383 4148 5366 4043 5270 4167 eF
bF 5383 4148 5270 4167 5282 4250 eF
bF 5208 4113 5179 4146 5210 4177 eF
bF 5024 3991 5089 4008 5036 3955 eF
bF 5098 3871 5093 3949 5164 3938 eF
bF 5098 3871 5164 3938 5249 3825 eF
bF 5195 4028 5247 4068 5255 3925 eF
bF 5098 3871 5249 3825 5106 3767 eF
bF 5255 3925 5366 4043 5372 3908 eF
bF 5093 3949 5146 4003 5164 3938 eF
bF 5055 4022 5089 4008 5024 3991 eF
bF 5089 4008 5132 4052 5146 4003 eF
bF 5089 4008 5146 4003 5093 3949 eF
bF 5146 4003 5195 4028 5164 3938 eF
bF 4993 3890 5036 3955 5098 3871 eF
bF 5487 3857 5366 3784 5372 3908 eF
bF 5106 3767 5243 3709 5115 3631 eF
bF 5243 3709 5240 3507 5115 3631 eF
bF 5270 4167 5241 4208 5282 4250 eF
bF 5210 4177 5241 4208 5270 4167 eF
bF 5208 4113 5247 4068 5172 4078 eF
bF 5117 4084 5148 4115 5172 4078 eF
bF 5132 4052 5117 4084 5172 4078 eF
bF 5086 4053 5117 4084 5132 4052 eF
bF 5366 3784 5249 3825 5372 3908 eF
bF 4993 3890 4992 3960 5036 3955 eF
bF 5093 3949 5036 3955 5089 4008 eF
bF 5036 3955 4992 3960 5024 3991 eF
bF 5366 3784 5243 3709 5249 3825 eF
bF 5255 3925 5249 3825 5164 3938 eF
bF 5249 3825 5243 3709 5106 3767 eF
bF 5148 4115 5208 4113 5172 4078 eF
bF 5255 3925 5164 3938 5195 4028 eF
bF 5247 4068 5195 4028 5172 4078 eF
bF 5195 4028 5132 4052 5172 4078 eF
bF 5210 4177 5270 4167 5208 4113 eF
bF 5179 4146 5208 4113 5148 4115 eF
bF 5208 4113 5270 4167 5247 4068 eF
bF 5195 4028 5146 4003 5132 4052 eF
bF 5247 4068 5270 4167 5366 4043 eF
bF 5089 4008 5086 4053 5132 4052 eF
bF 5055 4022 5086 4053 5089 4008 eF
bF 5493 4038 5603 3928 5487 3857 eF
bF 5493 4038 5366 4043 5383 4148 eF
bF 5365 3382 5240 3507 5364 3588 eF
bF 5484 3667 5364 3588 5366 3784 eF
bF 5364 3588 5240 3507 5243 3709 eF
bF 5485 3532 5364 3588 5484 3667 eF
bF 5485 3532 5484 3667 5601 3549 eF
bF 5485 3532 5601 3549 5488 3395 eF
bF 5602 3678 5824 3707 5717 3562 eF
bF 5247 4068 5366 4043 5255 3925 eF
bF 5255 3925 5372 3908 5249 3825 eF
bF 5243 3709 5366 3784 5364 3588 eF
bF 5366 3784 5487 3857 5484 3667 eF
bF 5372 3908 5493 4038 5487 3857 eF
0.872 0.000 0.750 C
bF 7344 4169 7536 4091 7352 3977 eF
0.744 0.000 0.500 C
bF 7485 4310 7817 3978 7536 4091 eF
bF 7485 4310 7536 4091 7344 4169 eF
bF 7536 4091 7817 3978 7528 3933 eF
0.872 0.000 0.750 C
bF 7344 4169 7352 3977 7231 4055 eF
bF 7528 3933 7817 3978 7635 3796 eF
bF 7528 3933 7389 3794 7352 3977 eF
bF 7528 3933 7352 3977 7536 4091 eF
1.000 0.000 1.000 C
bF 7227 3852 7117 3942 7231 4055 eF
0.872 0.000 0.750 C
bF 7528 3933 7635 3796 7389 3794 eF
0.750 0.000 1.000 C
bF 7004 3829 7125 3749 7022 3647 eF
1.000 0.000 1.000 C
bF 7481 3642 7389 3794 7635 3796 eF
0.872 0.000 0.750 C
bF 7227 3852 7231 4055 7352 3977 eF
0.750 0.000 1.000 C
bF 7070 3474 7022 3647 7250 3655 eF
1.000 0.000 1.000 C
bF 7327 3488 7250 3655 7481 3642 eF
bF 7004 3829 7117 3942 7125 3749 eF
bF 7250 3655 7227 3852 7389 3794 eF
0.872 0.000 0.750 C
bF 7227 3852 7352 3977 7389 3794 eF
0.750 0.000 1.000 C
bF 7250 3655 7022 3647 7125 3749 eF
1.000 0.000 1.000 C
bF 7250 3655 7125 3749 7227 3852 eF
bF 7125 3749 7117 3942 7227 3852 eF
0.750 0.000 1.000 C
bF 7022 3647 6891 3716 7004 3829 eF
bF 7327 3488 7070 3474 7250 3655 eF
1.000 0.000 1.000 C
bF 7250 3655 7389 3794 7481 3642 eF
0.500 0.000 1.000 C
bF 6850 3475 6777 3602 6891 3716 eF
0.750 0.000 1.000 C
bF 6850 3475 6891 3716 7022 3647 eF
0.000 0.000 1.000 C
bF 6487 3116 6425 3054 6347 3103 eF
0.000 0.333 1.000 C
bF 6300 2534 6413 2574 6293 2454 eF
bF 6305 2597 6413 2574 6300 2534 eF
bF 6413 2574 6305 2597 6310 2661 eF
bF 6402 2722 6413 2574 6310 2661 eF
bF 6540 2981 6412 2844 6417 2954 eF
bF 6315 2724 6402 2722 6310 2661 eF
bF 6402 2722 6558 2719 6413 2574 eF
bF 6402 2722 6315 2724 6321 2787 eF
bF 6412 2844 6402 2722 6321 2787 eF
bF 6331 2913 6417 2954 6412 2844 eF
bF 6402 2722 6412 2844 6558 2719 eF
bF 6412 2844 6540 2981 6558 2719 eF
0.000 0.000 1.000 C
bF 6712 2873 6558 2719 6540 2981 eF
0.000 0.333 1.000 C
bF 6326 2850 6412 2844 6321 2787 eF
bF 6331 2913 6336 2976 6417 2954 eF
bF 6331 2913 6412 2844 6326 2850 eF
bF 6417 2954 6425 3054 6540 2981 eF
0.250 0.000 1.000 C
bF 6866 3027 6638 3061 6750 3155 eF
0.000 0.000 1.000 C
bF 6638 3061 6540 2981 6487 3116 eF
bF 6567 3197 6487 3116 6443 3268 eF
bF 6487 3116 6540 2981 6425 3054 eF
bF 6487 3116 6347 3103 6353 3178 eF
0.000 0.333 1.000 C
bF 6425 3054 6342 3039 6347 3103 eF
bF 6417 2954 6336 2976 6342 3039 eF
bF 6425 3054 6417 2954 6342 3039 eF
0.000 0.000 1.000 C
bF 6712 2873 6540 2981 6638 3061 eF
bF 6712 2873 6638 3061 6866 3027 eF
0.250 0.000 1.000 C
bF 6638 3061 6567 3197 6750 3155 eF
0.000 0.000 1.000 C
bF 6487 3116 6567 3197 6638 3061 eF
0.250 0.000 1.000 C
bF 6866 3027 6750 3155 7019 3180 eF
bF 6750 3155 6567 3197 6725 3350 eF
bF 6750 3155 6931 3335 7019 3180 eF
0.500 0.000 1.000 C
bF 6725 3350 6664 3489 6850 3475 eF
0.000 0.000 1.000 C
bF 6487 3116 6353 3178 6443 3268 eF
0.250 0.000 1.000 C
bF 6443 3268 6551 3376 6567 3197 eF
bF 6664 3489 6725 3350 6551 3376 eF
0.500 0.000 1.000 C
bF 6725 3350 6850 3475 6931 3335 eF
0.250 0.000 1.000 C
bF 6725 3350 6931 3335 6750 3155 eF
0.500 0.000 1.000 C
bF 6931 3335 7173 3334 7019 3180 eF
bF 7173 3334 6931 3335 7070 3474 eF
0.750 0.000 1.000 C
bF 7173 3334 7070 3474 7327 3488 eF
bF 7070 3474 6850 3475 7022 3647 eF
0.500 0.000 1.000 C
bF 6777 3602 6850 3475 6664 3489 eF
0.250 0.000 1.000 C
bF 6567 3197 6551 3376 6725 3350 eF
0.500 0.000 1.000 C
bF 6850 3475 7070 3474 6931 3335 eF
1.000 0.829 0.163 C
bF 5322 512 5206 281 4965 402 eF
1.000 1.000 0.000 C
bF 5084 640 5322 512 4965 402 eF
0.750 1.000 0.000 C
bF 5434 737 5322 512 5084 640 eF
0.500 1.000 0.000 C
bF 5434 737 5084 640 5202 875 eF
0.250 1.000 0.000 C
bF 5547 961 5434 737 5202 875 eF
0.000 1.000 0.000 C
bF 5319 1109 5547 961 5202 875 eF
0.000 1.000 0.250 C
bF 5659 1186 5547 961 5319 1109 eF
bF 5659 1186 5319 1109 5436 1344 eF
0.000 1.000 0.500 C
bF 5436 1344 5772 1411 5659 1186 eF
0.000 1.000 0.750 C
bF 5553 1579 5772 1411 5436 1344 eF
bF 5884 1636 5772 1411 5553 1579 eF
0.000 1.000 1.000 C
bF 5884 1636 5553 1579 5671 1813 eF
bF 5884 1636 5671 1813 5997 1861 eF
bF 5788 2048 5997 1861 5671 1813 eF
0.000 0.667 1.000 C
bF 6109 2086 5997 1861 5788 2048 eF
bF 5788 2048 5905 2282 6109 2086 eF
bF 6067 2370 6211 2291 6109 2086 eF
bF 6016 2504 6092 2655 6107 2579 eF
bF 6120 2627 6107 2579 6092 2655 eF
bF 6120 2627 6141 2606 6107 2579 eF
bF 6016 2504 6107 2579 6167 2518 eF
bF 6107 2579 6141 2606 6161 2585 eF
bF 6107 2579 6161 2585 6167 2518 eF
bF 6161 2585 6182 2565 6167 2518 eF
bF 6182 2565 6202 2544 6167 2518 eF
bF 6264 2482 6293 2454 6184 2433 eF
bF 6244 2503 6184 2433 6223 2524 eF
bF 6184 2433 6167 2518 6223 2524 eF
bF 6202 2544 6223 2524 6167 2518 eF
bF 6016 2504 6167 2518 6184 2433 eF
bF 6016 2504 6184 2433 6067 2370 eF
bF 6016 2504 6067 2370 5905 2282 eF
bF 6067 2370 6109 2086 5905 2282 eF
bF 6184 2433 6293 2454 6211 2291 eF
bF 6244 2503 6264 2482 6184 2433 eF
bF 6067 2370 6184 2433 6211 2291 eF
0.000 1.000 1.000 C
4527 4219 4569 4178 L
4569 4178 4600 4146 L
4600 4146 4631 4115 L
4631 4115 4662 4084 L
4662 4084 4693 4053 L
4693 4053 4724 4022 L
4724 4022 4756 3991 L
4756 3991 4787 3960 L
4787 3960 4818 3929 L
4818 3929 4849 3898 L
4849 3898 4890 3857 L
1.000 0.000 1.000 C
4920 4612 4878 4570 L
4878 4570 4847 4539 L
4847 4539 4816 4508 L
4816 4508 4785 4477 L
4785 4477 4754 4446 L
4754 4446 4723 4415 L
4723 4415 4693 4384 L
4693 4384 4662 4354 L
4662 4354 4631 4323 L
4631 4323 4600 4292 L
4600 4292 4569 4261 L
4569 4261 4527 4219 L
0.000 0.000 1.000 C
5282 4250 5241 4291 L
5241 4291 5210 4322 L
5210 4322 5179 4353 L
5179 4353 5148 4384 L
5148 4384 5117 4415 L
5117 4415 5086 4446 L
5086 4446 5055 4477 L
5055 4477 5024 4508 L
5024 4508 4993 4539 L
4993 4539 4962 4570 L
4962 4570 4920 4612 L
1.000 0.488 0.488 C
4890 3857 4930 3898 L
4930 3898 4961 3929 L
4961 3929 4992 3960 L
4992 3960 5024 3991 L
5024 3991 5055 4022 L
5055 4022 5086 4053 L
5086 4053 5117 4084 L
5117 4084 5148 4115 L
5148 4115 5179 4146 L
5179 4146 5210 4177 L
5210 4177 5241 4208 L
5241 4208 5282 4250 L
1.000 0.000 1.000 C
6092 2655 6120 2627 L
6120 2627 6141 2606 L
6141 2606 6161 2585 L
6161 2585 6182 2565 L
6182 2565 6202 2544 L
6202 2544 6223 2524 L
6223 2524 6244 2503 L
6244 2503 6264 2482 L
6264 2482 6293 2454 L
1.000 0.488 0.488 C
6353 3178 6327 3125 L
6327 3125 6306 3083 L
6306 3083 6285 3042 L
6285 3042 6264 3000 L
6264 3000 6244 2959 L
6244 2959 6223 2917 L
6223 2917 6202 2876 L
6202 2876 6181 2834 L
6181 2834 6160 2793 L
6160 2793 6140 2751 L
6140 2751 6119 2709 L
6119 2709 6092 2655 L
1.000 1.000 0.000 C
6293 2454 6300 2534 L
6300 2534 6305 2597 L
6305 2597 6310 2661 L
6310 2661 6315 2724 L
6315 2724 6321 2787 L
6321 2787 6326 2850 L
6326 2850 6331 2913 L
6331 2913 6336 2976 L
6336 2976 6342 3039 L
6342 3039 6347 3103 L
6347 3103 6353 3178 L
0.000 1.000 1.000 C
2897 2589 2894 2506 L
2894 2506 2891 2440 L
2891 2440 2889 2375 L
2889 2375 2886 2309 L
2886 2309 2884 2244 L
2884 2244 2881 2178 L
2881 2178 2879 2113 L
2879 2113 2876 2047 L
2876 2047 2874 1982 L
2874 1982 2871 1916 L
2871 1916 2868 1835 L
0.000 0.000 1.000 C
3260 2228 3218 2269 L
3218 2269 3187 2300 L
3187 2300 3156 2331 L
3156 2331 3125 2362 L
3125 2362 3094 2393 L
3094 2393 3063 2424 L
3063 2424 3032 2455 L
3032 2455 3001 2486 L
3001 2486 2970 2516 L
2970 2516 2939 2547 L
2939 2547 2897 2589 L
0.000 1.000 0.000 C
2868 1835 2909 1876 L
2909 1876 2940 1907 L
2940 1907 2971 1938 L
2971 1938 3002 1969 L
3002 1969 3033 2000 L
3033 2000 3064 2031 L
3064 2031 3095 2062 L
3095 2062 3126 2093 L
3126 2093 3157 2124 L
3157 2124 3188 2155 L
3188 2155 3218 2186 L
3218 2186 3260 2228 L
0.000 0.000 1.000 C
4558 145 4950 537 L
0.000 1.000 1.000 C
2868 1835 2988 1714 L
2988 1714 3140 1563 L
3140 1563 3313 1390 L
3313 1390 3486 1217 L
3486 1217 3659 1044 L
3659 1044 3832 871 L
3832 871 4005 698 L
4005 698 4178 525 L
4178 525 4351 352 L
4351 352 4558 145 L
2376 310 2429 473 L
2429 473 2478 626 L
2478 626 2528 780 L
2528 780 2577 933 L
2577 933 2627 1087 L
2627 1087 2676 1240 L
2676 1240 2726 1394 L
2726 1394 2775 1547 L
2775 1547 2824 1699 L
2824 1699 2868 1835 L
1.000 0.000 1.000 C
2182 373 2376 310 L
0.000 1.000 1.000 C
2897 2589 2841 2414 L
2841 2414 2771 2199 L
2771 2199 2697 1970 L
2697 1970 2623 1741 L
2623 1741 2549 1511 L
2549 1511 2475 1282 L
2475 1282 2402 1053 L
2402 1053 2328 824 L
2328 824 2254 594 L
2254 594 2182 373 L
4527 4219 4405 4097 L
4405 4097 4259 3951 L
4259 3951 4102 3794 L
4102 3794 3945 3637 L
3945 3637 3789 3480 L
3789 3480 3632 3324 L
3632 3324 3475 3167 L
3475 3167 3318 3010 L
3318 3010 3161 2853 L
3161 2853 3017 2709 L
3017 2709 2897 2589 L
2566 6181 2800 5947 L
2800 5947 3001 5745 L
3001 5745 3203 5544 L
3203 5544 3404 5343 L
3404 5343 3606 5141 L
3606 5141 3807 4940 L
3807 4940 4008 4738 L
4008 4738 4210 4537 L
4210 4537 4387 4360 L
4387 4360 4527 4219 L
0.000 1.000 0.000 C
2958 6573 2566 6181 L
0.000 1.000 1.000 C
4920 4612 4774 4758 L
4774 4758 4592 4939 L
4592 4939 4392 5140 L
4392 5140 4192 5340 L
4192 5340 3992 5540 L
3992 5540 3791 5740 L
3791 5740 3591 5940 L
3591 5940 3391 6140 L
3391 6140 3191 6340 L
3191 6340 2958 6573 L
6866 6558 6638 6330 L
6638 6330 6439 6131 L
6439 6131 6241 5933 L
6241 5933 6042 5734 L
6042 5734 5843 5535 L
5843 5535 5644 5336 L
5644 5336 5445 5137 L
5445 5137 5247 4939 L
5247 4939 5066 4758 L
5066 4758 4920 4612 L
1.000 0.488 0.488 C
7228 6196 6866 6558 L
0.000 1.000 1.000 C
5282 4250 5404 4372 L
5404 4372 5592 4560 L
5592 4560 5793 4761 L
5793 4761 5994 4962 L
5994 4962 6195 5162 L
6195 5162 6396 5363 L
6396 5363 6597 5564 L
6597 5564 6797 5765 L
6797 5765 6998 5966 L
6998 5966 7228 6196 L
6353 3178 6263 3269 L
6263 3269 6156 3376 L
6156 3376 6045 3486 L
6045 3486 5935 3597 L
5935 3597 5824 3707 L
5824 3707 5714 3818 L
5714 3818 5603 3928 L
5603 3928 5493 4038 L
5493 4038 5383 4148 L
5383 4148 5282 4250 L
7485 4310 7344 4169 L
7344 4169 7231 4055 L
7231 4055 7117 3942 L
7117 3942 7004 3829 L
7004 3829 6891 3716 L
6891 3716 6777 3602 L
6777 3602 6664 3489 L
6664 3489 6551 3376 L
6551 3376 6443 3268 L
6443 3268 6353 3178 L
7817 3978 7485 4310 L
6293 2454 6413 2574 L
6413 2574 6558 2719 L
6558 2719 6712 2873 L
6712 2873 6866 3027 L
6866 3027 7019 3180 L
7019 3180 7173 3334 L
7173 3334 7327 3488 L
7327 3488 7481 3642 L
7481 3642 7635 3796 L
7635 3796 7817 3978 L
5206 281 5322 512 L
5322 512 5434 737 L
5434 737 5547 961 L
5547 961 5659 1186 L
5659 1186 5772 1411 L
5772 1411 5884 1636 L
5884 1636 5997 1861 L
5997 1861 6109 2086 L
6109 2086 6211 2291 L
6211 2291 6293 2454 L
1.000 1.000 0.000 C
4965 402 5206 281 L
0.000 1.000 1.000 C
6092 2655 6016 2504 L
6016 2504 5905 2282 L
5905 2282 5788 2048 L
5788 2048 5671 1813 L
5671 1813 5553 1579 L
5553 1579 5436 1344 L
5436 1344 5319 1109 L
5319 1109 5202 875 L
5202 875 5084 640 L
5084 640 4965 402 L
4890 3857 4994 3753 L
4994 3753 5115 3631 L
5115 3631 5240 3507 L
5240 3507 5365 3382 L
5365 3382 5490 3257 L
5490 3257 5615 3132 L
5615 3132 5740 3007 L
5740 3007 5864 2882 L
5864 2882 5986 2760 L
5986 2760 6092 2655 L
3260 2228 3380 2348 L
3380 2348 3525 2493 L
3525 2493 3685 2653 L
3685 2653 3845 2812 L
3845 2812 4004 2972 L
4004 2972 4164 3132 L
4164 3132 4324 3292 L
4324 3292 4484 3451 L
4484 3451 4643 3611 L
4643 3611 4779 3747 L
4779 3747 4890 3857 L
4950 537 4745 743 L
4745 743 4573 915 L
4573 915 4401 1086 L
4401 1086 4229 1258 L
4229 1258 4058 1430 L
4058 1430 3886 1602 L
3886 1602 3714 1773 L
3714 1773 3542 1945 L
3542 1945 3386 2101 L
3386 2101 3260 2228 L
1.000 1.000 1.000 C
bF 7953 4106 8830 4106 8830 6856 7953 6856 eF
0.000 0.000 0.000 C
(IsoValue) 8110 6718  S
1.000 0.829 0.163 C
bF 7999 6589 8092 6589 8092 6681 7999 6681 eF
(-1.04264) 8110 6589  S
1.000 1.000 0.000 C
bF 7999 6460 8092 6460 8092 6552 7999 6552 eF
(-0.893329) 8110 6460  S
0.750 1.000 0.000 C
bF 7999 6330 8092 6330 8092 6423 7999 6423 eF
(-0.793789) 8110 6330  S
0.500 1.000 0.000 C
bF 7999 6201 8092 6201 8092 6293 7999 6293 eF
(-0.694248) 8110 6201  S
0.250 1.000 0.000 C
bF 7999 6072 8092 6072 8092 6164 7999 6164 eF
(-0.594708) 8110 6072  S
0.000 1.000 0.000 C
bF 7999 5943 8092 5943 8092 6035 7999 6035 eF
(-0.495168) 8110 5943  S
0.000 1.000 0.250 C
bF 7999 5814 8092 5814 8092 5906 7999 5906 eF
(-0.395627) 8110 5814  S
0.000 1.000 0.500 C
bF 7999 5684 8092 5684 8092 5777 7999 5777 eF
(-0.296087) 8110 5684  S
0.000 1.000 0.750 C
bF 7999 5555 8092 5555 8092 5647 7999 5647 eF
(-0.196547) 8110 5555  S
0.000 1.000 1.000 C
bF 7999 5426 8092 5426 8092 5518 7999 5518 eF
(-0.0970063) 8110 5426  S
0.000 0.667 1.000 C
bF 7999 5297 8092 5297 8092 5389 7999 5389 eF
(0.00253407) 8110 5297  S
0.000 0.333 1.000 C
bF 7999 5168 8092 5168 8092 5260 7999 5260 eF
(0.102074) 8110 5168  S
0.000 0.000 1.000 C
bF 7999 5038 8092 5038 8092 5131 7999 5131 eF
(0.201615) 8110 5038  S
0.250 0.000 1.000 C
bF 7999 4909 8092 4909 8092 5002 7999 5002 eF
(0.301155) 8110 4909  S
0.500 0.000 1.000 C
bF 7999 4780 8092 4780 8092 4872 7999 4872 eF
(0.400695) 8110 4780  S
0.750 0.000 1.000 C
bF 7999 4651 8092 4651 8092 4743 7999 4743 eF
(0.500236) 8110 4651  S
1.000 0.000 1.000 C
bF 7999 4522 8092 4522 8092 4614 7999 4614 eF
(0.599776) 8110 4522  S
0.872 0.000 0.750 C
bF 7999 4392 8092 4392 8092 4485 7999 4485 eF
(0.699316) 8110 4392  S
0.744 0.000 0.500 C
bF 7999 4263 8092 4263 8092 4356 7999 4356 eF
(0.798857) 8110 4263  S
0.616 0.000 0.250 C
bF 7999 4134 8092 4134 8092 4226 7999 4226 eF
(1.04771) 8110 4134  S
showpage
